---N0---N1---N2---N3---N4---N5---xs---ys---zs---
   0.0   -236.440008  -0.919997  1.99999999779e-05  184.92001  184.92001  1331.240033  -390.999998  -807.76 
   0.0   -244.720007  -29.44001  -20.24002  168.36002  403.880021  1307.32005  -460.920027  -568.560019 
   0.0   -253.000008  -53.36001  -30.35999  154.56001  390.080025  1291.68005  -517.040008  -566.720015 
   0.0   -241.95999  -55.200009  -43.24  151.80003  151.800009  1271.440071  -737.84002  -570.400011 
   0.0   -231.840009  -54.279989  -50.59999  140.76  140.759991  1259.480001  -736.919999  -577.759999 
   0.0   -232.75999  -68.080018  -60.71999  127.88002  127.880022  1244.760092  -761.76002  -588.800028 
   0.0   -231.840008  -74.51999  -58.88  128.80001  128.800032  1247.52005  -763.599998  -591.560008 
   0.0   -233.67999  -65.32001  -58.87998  129.72001  129.720022  1240.16007  -760.84001  -577.760008 
   0.0   -232.76001  -71.760008  -61.64  128.79999  364.319992  1246.599972  -540.03999  -579.600018 
   0.0   -231.839988  -71.760007  -58.88  123.28  358.800004  1245.680033  -543.720008  -582.360016 
------------ average values ---------------
 0.0 -263.43 -60.52 -49.27 159.88 264.55 1409.54 -690.41 -667.92
----------- delta ----------------
   0.0   21.16002    73.599993   61.64002   61.64001   275.999999   91.079963   372.6   241.039985 
