- Name ----N0---N1---N2---N3---N4---N5---xs---ys---zs---
HelloWorld  893 893 -427 -129 -168 -168 -579 969 -389

HelloWorld  890 890 -428 -128 -170 -170 -580 961 -387

Diana  894 894 -426 -131 -168 -168 -578 967 -388

Palm  -425 -425 -702 -206 4 4 943 -1643 -626

Thumbsup  -112 -112 8 528 573 50 2021 -1163 189

Stop  -406 -406 -163 263 4 318 1609 -1974 381

click  715 715 -270 315 -3 -3 -136 -47 936

click  -204 -204 735 957 544 282 -203 971 1546

click  224 224 616 810 384 201 600 314 1320

Vitea  -263 -263 -61 -49 160 265 1410 -690 -668
