---N0---N1---N2---N3---N4---N5---xs---ys---zs---
   0.0   712.999995  200.56  55.2  -294.39999  -529.91999  -539.11999  -153.64  837.200005 
   0.0   540.96002  425.040018  439.760007  125.11999  -581.440018  -471.960025  628.36003  793.040012 
   0.0   400.20001  552.919988  685.400003  382.720003  147.19999  272.320001  848.240013  1047.87998 
   0.0   287.04001  633.88001  813.28003  522.560011  287.04  383.640001  1053.40001  1106.76005 
   0.0   -47.84002  698.280021  993.60001  707.48002  707.48002  971.52004  1068.120021  1019.35999 
   0.0   86.48002  621.00002  960.48  710.24002  239.200007  559.360007  1342.28003  715.76003 
   0.0   77.27999  656.88002  927.36001  531.760017  767.280007  969.67999  335.799984  1655.08007 
   0.0   -119.60002  602.600012  864.8  486.68003  486.68004  1318.36003  -581.440008  1584.24004 
   0.0   -10.12001  987.16  1181.280033  108.56001  108.55999  740.59999  -652.279997  2287.12003 
   0.0   86.480003  161.91999  369.84002  176.64001  176.64001  1199.680029  -1060.759996  832.6 
------------ average values ---------------
 0.0 223.76 615.58 810.11 384.15 200.97 600.45 314.23 1319.89
----------- delta ----------------
   0.0   832.600015    825.24001   1126.080033   1004.64001   1348.720025   1857.48002   2403.040026   1571.36 
