---N0---N1---N2---N3---N4---N5---xs---ys---zs---
   0.0   799.48005  -383.640001  -111.319989  -153.639995  -153.639995  -521.639999  867.56002  -348.679951 
   0.0   797.64004  -386.400019  -117.760011  -159.160021  -159.160021  -522.560013  852.84002  -355.120039 
   0.0   796.72001  -384.560009  -117.760001  -155.479991  -155.479991  -519.800013  851.00004  -347.760009 
   0.0   795.80002  -384.560005  -118.679981  -147.199999  -147.199999  -521.640009  867.56003  -347.759985 
   0.0   798.56003  -379.960021  -115.920009  -159.160009  -159.160009  -522.560007  854.68  -347.760011 
   0.0   802.24002  -383.640005  -119.599989  -154.559993  -154.559993  -524.400005  858.36003  -344.079985 
   0.0   798.56  -388.240018  -117.760009  -153.639991  -153.639991  -523.480021  859.28002  -350.520008 
   0.0   804.08  -382.719997  -109.480011  -149.960009  -149.960009  -525.319989  880.43999  -343.160027 
   0.0   805.92002  -389.159995  -112.239979  -148.119993  -148.119993  -522.560005  878.60001  -347.759945 
   0.0   807.76002  -389.159997  -115.920009  -146.280015  -146.280015  -517.040009  875.84004  -348.680047 
------------ average values ---------------
 0.0 889.64 -428.0 -128.49 -169.69 -169.69 -580.11 960.68 -386.81
----------- delta ----------------
   0.0   11.96    9.199976   10.119978   12.880006   12.880006   8.27998   29.43995   11.960012 
