---N0---N1---N2---N3---N4---N5---xs---ys---zs---
   0.0   -373.520008  -139.839982  237.36001  3.679987  239.2  1395.64003  -1770.08004  341.320017 
   0.0   -368.920018  -139.839998  249.320012  15.639989  486.68002  1663.360034  -1746.16004  325.680011 
   0.0   -363.400018  -135.240032  241.039992  13.800018  484.84001  1656.92004  -1761.80006  345.91999 
   0.0   -365.239998  -149.96  231.840012  0.919999  236.44001  1393.800012  -1782.04001  342.240021 
   0.0   -367.080008  -145.36  234.6  2.760007  238.28002  1394.720042  -1779.28003  347.760007 
   0.0   -362.48001  -143.51999  235.52002  2.759999  238.28  1401.16002  -1780.20001  349.600009 
   0.0   -366.16  -149.96  238.279988  1.840019  237.36002  1394.72004  -1785.72002  352.360007 
   0.0   -367.079988  -153.640001  236.44001  -3.680003  231.84001  1388.280001  -1789.39999  345.000017 
   0.0   -361.559988  -152.719988  230.92001  -9.00000001991e-06  235.51999  1395.640024  -1781.12002  337.640011 
   0.0   -359.720017  -154.560001  227.239998  -1.839991  233.68001  1394.720012  -1787.56002  337.640007 
------------ average values ---------------
 0.0 -406.13 -162.74 262.51 3.99 318.01 1608.77 -1973.71 380.57
----------- delta ----------------
   0.0   13.799991    19.319969   22.080014   19.319992   254.84001   275.080033   43.23995   26.679996 
