---N0---N1---N2---N3---N4---N5---xs---ys---zs---
   0.0   -379.04001  -644.92001  -201.48  -19.32003  -19.320011  808.68  -1470.16002  -602.600041 
   0.0   -383.64001  -639.40002  -195.04  -2.75999  -2.760011  828.91999  -1474.76003  -577.759991 
   0.0   -385.48  -628.36  -177.56001  23.92  23.91999  874.91999  -1480.28001  -538.2 
   0.0   -383.64  -629.27999  -183.07999  11.96  11.96001  863.88004  -1492.23999  -543.72002 
   0.0   -383.640001  -630.20001  -182.15998  6.44001  6.44002  845.48004  -1479.360001  -549.24 
   0.0   -379.960001  -628.36002  -180.31999  2.76  2.76  852.84004  -1481.200041  -554.76001 
   0.0   -385.480011  -631.12  -183.08  2.75999  2.76001  847.31999  -1483.039981  -558.44002 
   0.0   -383.640001  -625.60002  -183.08  0.92  0.919989  853.76  -1474.760041  -569.479991 
   0.0   -385.480012  -631.12001  -181.23999  6.43997  6.43999  855.59998  -1474.760022  -565.80001 
   0.0   -379.040004  -632.04002  -187.67999  4.6  4.59999  854.68002  -1472.000044  -572.24 
------------ average values ---------------
 0.0 -425.45 -702.27 -206.08 4.19 4.19 942.9 -1642.51 -625.8
----------- delta ----------------
   0.0   6.440008    19.31999   23.91999   43.24003   43.240001   66.23999   22.07997   64.400041 
