---N0---N1---N2---N3---N4---N5---xs---ys---zs---
   0.0   -104.87999  8.27999  477.480022  517.96  46.91999  1821.60003  -1042.36002  166.520002 
   0.0   -101.2  10.12002  472.88003  517.960002  46.92  1819.76007  -1045.120018  172.04 
   0.0   -96.60001  5.51998  474.72002  517.040021  46.00002  1820.680041  -1045.12003  171.12002 
   0.0   -98.43999  7.36  474.720022  518.879999  47.84  1819.760051  -1042.360022  172.960002 
   0.0   -101.20002  4.6  475.63998  514.280022  43.23998  1822.519952  -1049.72  163.76001 
   0.0   -106.72002  10.12  475.640002  515.199998  44.16001  1814.240008  -1045.12001  169.279992 
   0.0   -100.27998  7.36  472.880032  513.360001  42.31995  1816.080042  -1051.560031  171.119992 
   0.0   -103.03999  9.2  475.64  515.199999  44.16002  1819.76005  -1050.640021  172.04 
   0.0   -97.52001  7.36  475.640002  511.520023  40.48001  1818.840004  -1050.640001  169.280022 
   0.0   -97.51999  5.51999  473.800022  516.120004  45.08  1818.840044  -1046.96002  171.120002 
------------ average values ---------------
 0.0 -111.93 8.38 527.67 573.06 49.68 2021.34 -1163.29 188.8
----------- delta ----------------
   0.0   10.12001    5.52002   4.599992   7.359976   7.35999   8.279944   9.200011   9.199992 
