---N0---N1---N2---N3---N4---N5---xs---ys---zs---
   0.0   796.71999  -377.199997  -112.239991  -145.359991  -145.359991  -526.240003  888.72002  -345.919997 
   0.0   793.04002  -385.479995  -115.920009  -149.959991  -149.959991  -525.320001  873.08002  -356.039985 
   0.0   800.40001  -391.000001  -120.519989  -147.199995  -147.199995  -519.800009  862.96  -348.679961 
   0.0   806.84004  -380.880017  -114.999989  -149.960025  -149.960025  -514.280029  875.84002  -350.520007 
   0.0   806.84002  -376.280015  -121.440009  -153.640013  -153.640013  -517.040025  864.80002  -345.920025 
   0.0   808.68003  -383.639995  -119.600001  -161.000021  -161.000021  -525.320003  862.96001  -354.200015 
   0.0   810.52004  -385.480011  -119.599981  -152.719983  -152.719983  -516.120007  862.96005  -346.839961 
   0.0   806.84003  -382.720015  -117.759989  -150.880011  -150.880011  -518.880011  867.56001  -344.079995 
   0.0   808.68003  -385.480019  -115.919991  -145.360015  -145.360015  -515.200031  879.52001  -347.759989 
   0.0   808.68003  -390.080019  -116.840011  -153.639981  -153.639981  -519.800013  864.80002  -350.519969 
------------ average values ---------------
 0.0 894.14 -426.47 -130.54 -167.75 -167.75 -577.56 967.02 -387.83
----------- delta ----------------
   0.0   17.48002    14.719986   9.200018   15.64003   15.64003   11.959974   25.76002   11.95999 
